{
  "oldParams": true,
  "wave_type": 3,
  "p_env_attack": 0.5651360278767537,
  "p_env_sustain": 1,
  "p_env_punch": 1,
  "p_env_decay": 1,
  "p_base_freq": 0.01637629902958274,
  "p_freq_limit": 0,
  "p_freq_ramp": 0.7853809699287307,
  "p_freq_dramp": -0.04155964521408947,
  "p_vib_strength": 0.5689609326382504,
  "p_vib_speed": -0.9557657845148744,
  "p_arp_mod": 0.2553571851204194,
  "p_arp_speed": 0.981,
  "p_duty": 0.9658497475100556,
  "p_duty_ramp": -0.055722587297194245,
  "p_repeat_speed": -0.15835432632461716,
  "p_pha_offset": 0.050050928190142875,
  "p_pha_ramp": 1,
  "p_lpf_freq": 0.8103414840218623,
  "p_lpf_ramp": -0.10058159099864902,
  "p_lpf_resonance": 1,
  "p_hpf_freq": -0.03177287214320897,
  "p_hpf_ramp": 0.02361591691003292,
  "sound_vol": 0.25,
  "sample_rate": 44100,
  "sample_size": 8,
  "p_vib_delay": null
}